68 84
-5852 -9149 985 1888 3322 -1604 7240 4214 1910 -5113 -4579 5958 2894 2628 -2675 -9662 -6659 7389 -7047 7705 -9597 -4415 9869 -9124 6313 -5255 -1722 -6061 -8205 3716 2970 -3959 842 -8401 -3706 9193 2823 -198 -3953 6162 3118 -7810 4205 9398 -8768 9343 -4565 7379 1400 -45 -1774 2189 6115 9891 5722 -6899 7783 3921 -3573 -4597 -1175 5205 7396 -784 9347 7225 -6111 -544 518 5961 7098 2210 -6202 -758 -9189 7411 -2630 -5635 -9774 9282 -3275 6545 -2971 -4680
-2527 -9755 -3935 -6708 -7636 3204 -3657 2526 -3810 2453 5983 -8919 -8407 3900 8151 -8353 -3672 -882 4704 -2716 -7674 6554 2703 -556 7464 4148 -6393 -1808 -1009 689 -1347 7598 -7095 -1384 -113 -9284 -7579 -3173 -4831 -1977 -5405 6074 1038 4959 8791 -4355 2979 -2546 -1013 -474 -8538 2086 4893 -4784 766 5830 -9922 -6305 -327 -3973 -3205 -1597 8235 777 2882 -269 8609 2455 8812 -7718 -6726 -3429 6442 8345 -9343 6703 9500 -9964 -2903 8846 -7065 8350 -4835 3947
7961 -8961 -349 -5933 -1566 -4705 856 -8038 -9888 6288 2143 -8369 7503 -7287 6530 -524 1858 -2029 -3371 -2442 5756 6382 -5545 -8234 -5532 -3343 1190 -9559 -3369 4576 -7209 4864 -3596 2264 -1957 -7893 -1711 -9818 -6851 -6010 5563 4564 1370 2596 -6433 -4113 9936 -8117 4380 1850 8710 -5950 2317 2204 7721 -1077 -2323 -1986 1786 -1392 -7962 -7131 4481 4605 8174 -3634 -2513 -135 -6754 -8792 -5641 69 1023 -7976 -9240 -8999 -8523 1814 3734 5820 1301 3244 6467 -4600
9417 -8072 781 6025 -169 -3558 -563 8996 -5133 9896 -9896 -9928 7907 -3409 -999 -1461 -5456 8121 5832 -3660 -1352 -7073 -5932 -7353 816 -6049 -4203 1344 -8845 -3652 4527 7124 -115 -5508 1603 7164 3389 5815 7695 -5710 9817 5234 5189 -6895 2571 8834 8451 -6615 9903 -7331 -3292 -5756 6246 314 -8049 5277 -1260 -3784 -4480 704 5550 2239 -3834 2317 -8390 2769 7320 1563 9369 -2803 4064 3326 -9838 -327 4816 -6789 9380 -5413 -372 508 -8139 2598 7678 -7788
6268 -5098 3194 4477 -7357 1723 5522 -4033 -2057 2181 6559 -431 8880 1551 1633 -5774 6306 -995 9388 -3909 7810 -7939 5318 9059 -4554 2458 -7670 1661 9017 -8076 9333 9836 -3071 -8837 -2093 -9694 -191 -871 5368 9559 7250 -4936 -1462 490 7259 -6809 -993 -555 -9445 -7249 1797 5762 944 -9062 5715 -8532 2410 8878 6150 -4657 5861 5148 7578 2693 3524 8299 6687 4245 3337 5704 5495 -7685 -3420 -3827 -9569 4274 3933 4688 -2351 1236 120 4584 6744 -8753
-9821 -6977 8023 -9225 -8696 3284 -7270 -8507 -1181 -6468 -789 3400 9359 -3031 -5173 1466 2631 -2236 8220 2475 991 -7637 -8824 1813 8025 -9427 704 1342 2113 1850 8496 5164 -724 -2081 -8643 6279 9929 5207 -5258 -7810 8909 3822 -2198 -4377 4829 9 -4550 -2481 -5530 2274 4412 7134 203 7200 9800 1926 -6035 -9463 1624 6001 -7673 5437 2295 8324 -7339 4523 9361 6822 2501 -7760 -5856 -8723 177 969 9001 -1431 -4127 1447 -2907 -7085 -6512 -1416 9917 4410
4742 3199 -150 2387 1167 -4184 -6247 -6819 1253 -1860 -2881 9910 1170 6804 3578 5260 19 -1337 -3493 -4228 8412 7426 8938 -6490 3021 -8480 -9265 -5709 6023 8195 -6756 3931 6584 2641 -4936 -9820 -225 -7640 -2835 -470 4192 7010 -3313 -2137 -4589 5484 -4934 -2563 8101 9517 -6578 -7218 3179 -4029 -6734 3781 8144 -6706 -4075 3656 -8755 -3946 -4037 -2383 -9233 3347 3383 -3379 7629 -8206 1363 -2371 -1520 -3097 -2956 -5644 -756 153 133 4054 3470 -7573 -9552 9672
4119 -3449 -7010 -6752 -594 781 -7688 105 6463 -8887 9884 -7065 1638 -704 -6788 9410 -3221 1952 -9120 7853 -5880 -7515 18 6945 9828 6271 -4485 5293 -4282 -7020 311 3355 -3363 -1880 -7229 -1867 -5390 2677 1352 1823 4606 -7057 -8011 4658 6452 -5627 -4422 2915 5216 -7665 1425 43 2968 8380 8326 3709 -5401 -8403 6723 -3088 3733 7437 5465 -8513 -4918 6272 -5522 8879 -4501 -25 -9808 -2686 6755 -4825 -2072 -5769 -8868 2711 -6507 6309 8265 -7341 5267 3176
-579 -1880 -7123 -4157 4427 -5451 -6037 -4806 3862 -4958 8793 4997 5692 -6204 1387 -1542 6622 -6902 2882 -2298 -31 -4200 4285 5674 -4163 -4712 2061 -8577 7148 7960 -3396 -365 -82 7547 -1601 1267 -893 7289 7428 4591 1611 -5317 -2713 5853 3767 -3202 2530 -7239 -3681 -5205 9475 -7201 -662 6702 4990 5134 7696 890 3148 8532 -9349 -9152 2267 -4853 3707 -5970 -9166 -408 -4616 -8499 3751 -7253 8800 -5875 527 -9853 -989 -4840 7354 4379 4844 -2133 92 -6022
6493 171 7311 4606 -9066 -3041 5202 -7805 -2426 -9435 -5034 -3500 8063 -4886 -2720 3899 -226 2860 6722 4509 1532 -967 -222 -8430 -3291 -9065 9948 7791 8981 -67 3310 9750 8724 -8944 4368 3941 8185 -740 -268 9201 1472 8992 1573 6422 8246 -6988 2606 -8503 7018 6807 9172 2629 -1784 -8092 -5510 -1902 -7877 8165 -5380 -4791 -7734 -5443 4676 1572 -2026 3908 6114 7224 -6109 -1954 3844 -6313 -8784 -4410 -5862 8589 -5173 8219 -627 7221 6936 7067 8770 5542
1250 -9434 -8979 -2504 -7804 -3093 -2575 -7384 3893 -1602 -5707 3626 4508 -8872 5387 -9269 -624 -5644 5885 -7682 -193 7982 3378 3730 6387 -3086 -8565 -7069 7646 9761 6653 -8826 45 -2169 -7050 -6208 -5419 -2748 8381 -34 -2463 9446 -17 5558 7853 3488 7741 -2416 2645 -7361 3825 6857 3926 -6725 9239 8888 6628 -7075 -8742 -3253 5683 -185 -9474 6550 9618 5566 7166 -7216 6878 -5817 5116 5283 -9164 4110 9267 7858 -5539 -1134 -6932 -6933 1130 7866 9778 2559
1402 -5019 6094 -3044 -9231 636 -6794 -2989 9085 262 -5175 -9296 -7832 -3854 7562 515 3809 1429 3443 818 -25 5881 1655 4343 7530 9168 3024 6526 -1722 9652 1023 4670 -6529 -9275 4976 -2759 2752 8420 -8488 3095 -6361 5090 4233 -7807 2759 3436 -1994 -8818 5745 994 8544 6415 2195 4133 -6725 -1744 1428 9984 -6601 5420 -2449 5416 -9337 1110 -8190 -5038 8319 6009 -9342 -589 7624 1933 3613 9368 -3542 3350 2711 5722 1158 5680 196 -3376 -4720 606
6372 -5039 -8837 6054 9550 5676 1117 -6090 8827 -3871 -7300 -6361 -2106 -2181 -6041 2960 -9620 238 2110 -5563 1915 2131 789 8687 5266 8101 6746 -2700 2917 -1427 -7555 -9511 -6516 -1800 -7300 8615 -7336 3606 -4953 4599 5232 -6186 4409 8402 -8005 -5008 -6257 6575 9448 -7657 7437 440 -8919 -3063 4116 -1889 9138 4879 -3579 6305 -5428 -5933 6213 -7573 6277 8924 4414 -8174 -1697 2017 7245 7223 -3758 -1261 6317 9959 8487 -7152 6419 -4845 -456 -3024 7468 -4838
-7185 -9643 4151 8831 -3884 5151 7396 -6288 -1713 199 -3693 2089 -2808 6411 2153 -4887 -7758 -3978 8038 4408 1167 -6979 3554 5862 7385 5019 1305 835 8580 1923 7478 -4373 1449 -1403 -7731 4772 -5987 -9956 7998 -6090 9790 311 6888 5956 1257 7787 1088 -6127 4360 9669 -6466 -1899 -6423 7041 -9833 -7689 -9702 -2161 8640 -2340 -6723 1949 -1989 -9491 4184 -5182 -3736 -6548 4286 -1796 -505 2767 -6663 -9375 -5756 7741 2463 -2679 -983 -2419 9706 -2461 -9680 -4063
-2337 -845 -6183 -2397 -2233 -2615 4212 2973 -906 -557 -4881 -640 -8750 5975 8840 -3884 6739 1459 9637 1582 -8077 -919 4044 -6921 569 3577 1055 5565 7700 8609 2867 4983 2204 3211 6574 1197 -381 1383 1336 7897 -5732 -4022 1925 4456 536 1635 -5485 8057 -660 -6040 -9621 1142 418 7206 -6745 2183 -2803 -8021 6474 -4500 -5323 -7822 -6450 6070 6562 4384 8981 -6322 2591 8402 -5686 -735 3719 -3004 3357 4089 -187 -5170 -3053 9915 -6144 -6922 -2272 9052
7148 9451 -5361 -8897 1960 2955 -5077 -2158 -1905 6039 -5093 4919 -3993 3412 -8876 1615 9769 5329 -9517 -7310 -4112 2908 8209 -8351 -9806 -1706 7781 9777 -8553 -4048 -347 6662 6443 -2377 9956 1686 7733 -283 -2594 1379 -8603 4810 -1246 -8085 611 2372 -8136 -3000 -5874 4261 -8902 3537 -9662 1269 7579 3000 7590 4865 -589 5378 -8779 6810 8516 4408 2324 5117 904 -1798 -1478 9919 -1664 73 -5983 -1630 8501 6985 -7246 8455 1189 1897 8822 -1697 -1229 -8618
-3373 5425 -3565 -7941 -4682 2307 -9619 -3575 -8984 1391 -3230 -3151 -7908 -1640 6859 -3107 8043 -5981 7953 -4752 879 5653 5691 4695 -5548 3522 3720 -2174 -138 -291 -1767 -6139 5542 -1007 -4780 -3974 -6654 -9721 6931 373 980 6036 436 -1985 8360 -9634 1635 -4571 2774 -1015 -5004 -2163 -7362 -5661 3652 -1757 4099 209 6160 3837 -9019 -8621 -9282 7913 -7227 6483 3648 7829 776 1859 9756 -1113 -3799 -6142 4374 2645 5419 -3829 1610 5981 -6872 -3870 2274 4429
-9222 7223 586 -8252 7478 6037 9210 -8432 4 1235 285 8596 -237 -5452 2391 -8611 -9136 -9597 -5979 4645 7411 3728 -6163 -9755 1731 -4306 -8313 2833 8660 9679 5865 154 5787 6997 -1489 -4547 9286 -5435 -593 134 7743 -566 4329 -6237 6175 -3374 -729 -7408 -1194 -5025 -1621 -2067 3235 -6581 -719 5415 -8462 -8711 -2068 -9350 -237 -7530 -9084 4352 3405 7810 4426 -1179 -6289 3386 8094 -6053 -1136 2747 -7562 3706 2371 1487 6606 1623 -5292 -7642 -8344 -8632
-6510 8070 2760 -2114 -1819 7768 4098 8690 8572 2957 6270 9870 516 3772 -8311 272 -4015 108 -1214 633 -6844 -8581 -6599 -415 -8683 -355 -5710 3821 -220 -2268 1934 2050 6834 4326 -9874 -8301 3163 -2470 -5064 -7498 1096 -1456 4825 -2863 -4900 6851 6640 20 4871 647 2186 5858 5055 -11 -3137 -5579 963 8833 -5189 -7161 -1232 -65 -6358 4431 8379 1642 2528 -517 -744 -7692 9148 -3641 4344 -4482 -2230 -8898 4624 5544 6919 9077 -3316 -2309 -6272 -1955
-8254 -3837 -2789 8168 -8899 -7681 3301 5104 8970 3717 -2886 8468 7372 1210 9100 7600 4043 1048 748 2753 -9369 -5258 -2961 -1607 8349 -559 -3200 -2625 -7023 -439 -4184 -6531 -3442 -534 5981 1899 -4150 6338 -7703 -6676 -1010 -8071 -5538 9331 -2687 -1085 -4813 5416 3220 8528 8113 -7210 9364 -6628 9371 6113 3891 1325 3708 -2212 -2528 -4964 -9892 -6204 -9799 1508 135 7680 8121 3810 6028 -9495 4215 -4889 7620 -6446 -3602 -1577 -8917 -2915 -6602 -5217 -4511 -9181
-2558 -6978 6498 -7727 -3318 -8690 -3320 6055 8339 1825 -8137 -986 -1687 8006 -2802 8672 4175 -1865 1842 2846 3659 -8357 -8528 -5913 6149 -6228 -1558 -7877 3061 2244 -4153 -2314 4254 9832 -9129 -7799 7273 108 3459 7890 -3952 -2473 4328 -2230 -5695 -5758 1563 9371 7549 -778 -2892 6174 8859 -6792 4917 8731 -7063 1667 4340 5933 3223 7872 -9812 -4118 3595 -3935 -8647 328 -395 7538 3368 2806 709 -9361 -1839 2152 2235 9272 -6969 416 6926 6814 2385 -5782
-6020 -2595 5517 -7176 -3900 3692 8900 7497 6053 -3974 -5447 -7814 2364 -7261 2379 -6638 -610 7969 -138 -3904 2796 -569 3288 2883 3466 -6273 1880 536 1775 5779 -5589 2260 -8320 6708 -2766 -5060 -8670 -2825 9279 -1122 1477 4587 2461 5904 6614 5447 -5556 682 -4808 6093 -975 3926 9857 3158 -8657 -789 3808 4530 1238 -175 -9540 783 -2856 8868 3203 7892 -7103 6616 2264 2950 -264 7382 -3654 6600 6604 1446 -1971 7558 708 -672 1496 -2189 9177 -5514
2581 -2134 529 -8844 -4472 9089 6870 -6511 8600 5717 9067 -153 5148 4460 -1517 -3368 8027 -838 5757 -5824 -3465 2202 -366 9996 -1163 -8124 2608 8047 2909 -889 -6044 -5330 4449 507 316 -5554 5777 -5056 7737 4672 427 9366 228 6160 -1166 -2844 -5559 -3110 -8714 -9857 -2425 -4752 3375 -7196 9936 -8985 3987 9336 -5710 -420 -3467 7922 -2113 -9067 5189 -5888 8669 7283 2154 -7497 -8954 3723 -25 -2912 -5742 8889 5265 5667 4359 5298 -4271 -3492 -8005 -604
1020 4205 5626 1354 6050 -2834 4178 9346 4253 5039 -1981 9681 -2446 -9403 -9086 1414 -9919 4934 -9342 -1231 8861 4535 -9303 -3367 3451 -8932 -3796 -6558 7659 2174 6918 839 -263 6076 -4791 -5417 -6047 8196 -1018 3241 -4771 -5884 5552 5982 8932 9395 4153 6082 4023 -5682 2520 -6366 6900 3679 4089 -6477 -2277 -181 9846 7537 4065 -2577 -4123 1371 -9283 -1248 -4546 -8508 -7135 9213 -8025 -7935 6493 -7655 -5951 -9686 4822 -963 -6955 3533 5928 6754 -3428 3978
6308 2181 -3447 -9240 -9293 -5651 7088 -5935 -3701 5527 3046 -2740 5898 3931 4663 -2185 8953 4074 -1861 8908 -3785 9746 -5427 3729 636 7065 -3008 9423 -3785 3732 -9997 9983 -8187 -6042 -7031 1214 -1883 -4765 2523 5787 -36 -1254 7536 5894 -3031 -5892 6619 3152 -4220 8972 -3569 -2486 -7837 2860 2052 -4819 -7717 7387 -4503 -5883 6810 5002 9876 2454 774 6105 -3230 5977 7767 1423 -1752 -3480 -1124 -5896 703 -5309 -8348 4028 8945 2792 -3642 7210 4763 7660
-2735 -930 -9867 -9816 9716 3438 -8969 3363 -3428 9882 6930 -4537 3660 -8532 -9893 6024 -792 9695 794 -9648 3260 -2727 -5604 -8740 -553 -1337 4693 -4977 -5438 7935 -5770 -3107 -6507 2658 -2221 -2419 8190 -263 3244 9880 -6563 -5425 6967 -4169 594 1552 -8933 5658 5284 442 -6641 641 8459 -7383 -4714 -9563 -1451 4341 3599 9821 8772 3655 559 8242 -4144 3460 9202 4851 8351 -9725 6875 -7495 -2855 -3613 9314 8045 799 2243 1179 -3879 -8517 5780 5810 -7224
9366 4270 -9170 6951 879 2504 -410 8765 612 -32 211 -7774 -8143 8865 -6097 8943 -6246 3355 -4710 -9775 9271 2157 -2071 8446 -2718 1478 6753 9826 8632 276 -4983 -8633 -6129 -4669 1995 -9379 -2171 -4870 -946 6549 -529 -1208 -358 1934 -6696 1406 -9185 5502 -5752 7044 8797 -638 7143 1916 -8900 4794 105 -6606 -8688 -8921 -7101 8769 -1786 4392 1413 -9669 489 4860 -2590 7082 4756 7956 -787 3549 1970 -5011 1919 -1964 -9727 -1784 1543 6973 -5138 -6171
4252 9254 3920 5941 1276 -4690 4271 8110 8970 -9619 -2038 -6280 6831 -8584 299 5930 -8600 1012 -2497 5141 -1783 6804 -9344 3640 -4263 8539 -8491 -7447 -5433 -6674 2176 5569 9230 -7008 -1164 8728 6788 -1561 -5881 -761 -6693 5221 -2130 -4242 -1992 7315 -1352 -8387 4551 1752 8997 8020 -6422 9914 -2620 4316 -7831 2427 -508 3357 5384 4562 -9072 3472 7696 -6192 -5481 -9497 -4083 -2649 3421 -614 3857 6589 -9930 8788 -8897 -6656 9314 -7670 -5648 2850 -7319 7855
-5910 8092 -2992 1561 -8062 -2395 -7960 -8682 -1015 5021 -9576 -2249 1869 7572 -5406 6026 94 4363 -7866 2127 247 -2756 6413 -9657 -8085 -5192 8264 -1883 -8130 9526 -9065 -6957 4109 -4969 8179 -5620 -1271 7815 -457 516 -4436 -773 -4893 -8495 -1197 -4375 3429 -1931 -7924 -6293 2149 6395 3644 -3754 -4167 -2635 4361 2293 -6833 -7645 9851 -4089 -7858 5255 -5212 2953 -5936 3570 4388 410 -8271 1210 7677 320 2002 -2545 -4442 -4208 7728 600 -3424 -9218 7380 -3145
6390 5031 8325 -1866 5949 4933 -625 -6703 -8787 -6541 8865 -1936 -3414 -4448 -8327 -1884 7099 2523 -5250 -3050 8183 623 3923 -7396 -4502 -8008 -1739 926 2970 8135 -3281 -4169 4169 548 -4318 2351 218 8814 -9919 5492 -4031 4044 -5021 3112 -6179 2848 5543 -2605 -3939 -1006 -1403 -3852 -1751 8398 -7248 4318 -2662 5640 7248 6154 2959 -3687 -7647 9583 -9692 -4382 -8164 3449 1926 7749 -689 9984 2250 3363 8477 -6711 6360 -3204 -3546 1617 2999 6838 -4264 -2963
-9302 -8235 -8267 -3805 -2900 9846 -3819 441 -8860 4935 5927 881 8804 -7275 -614 5614 1932 6621 229 4213 2568 7242 -4174 8907 8900 -9575 8587 -5950 8293 -8275 819 -7077 7102 -6033 7701 5085 5363 4398 4553 9654 -6480 -5887 -5270 4983 8891 5084 5740 1173 5063 5312 -6624 5298 1446 3402 -5125 -188 394 -132 4209 -9849 3118 7019 -8493 -1995 -4622 5613 -7813 2676 -4400 -5326 2192 751 2550 9750 -9875 1372 5068 -1187 -1431 -914 9446 9306 -8916 6259
1256 -4428 -1695 -9622 -3530 -9691 -6083 59 -3845 -1349 5149 3941 3312 5185 7176 -9562 9483 2983 6173 5380 -6975 -8813 8348 8146 6479 -7917 8268 -7638 2039 3314 -6623 -4879 9251 -4635 2917 9561 -5548 -1569 5530 4262 -6332 6702 -6384 -5700 3925 3602 6535 -7589 -3738 -1088 6860 5383 -9188 -3052 -1199 -2539 -4087 4156 -3891 5552 -8655 8678 1864 -1614 7651 8944 -3123 -9346 -1616 1211 7697 -2203 -3398 -2511 -6390 -903 5446 -7878 -4291 7061 1162 4148 -5999 4534
5281 4 9921 567 7046 8705 7434 7378 999 -8582 9670 -2705 -4694 -2722 9529 327 -5795 -8717 1727 -6247 -5796 8952 5455 -6898 -4600 -7154 2080 5380 7559 -1177 1970 9034 -7206 -3173 -8988 -4609 6467 -5938 -2072 -4499 -3886 6848 -350 -4728 3808 7472 -4742 -8382 1270 -4374 -5295 -3778 7539 -4334 -1242 -5805 -2647 4692 106 -2000 -5849 -4123 -6434 -4273 -7690 2288 -3479 3652 -5573 7562 6119 436 19 -2035 -68 496 -626 -8871 5838 7556 -9946 1069 6958 1643
-6596 1076 3800 9411 -1305 -6390 1038 -9251 -7640 3594 -3924 1111 2086 -9912 6734 -3851 -2985 8265 -3880 -5026 9154 -1779 9856 -4176 -9763 -7411 4478 -3337 9945 2330 -1892 -631 -5848 3049 5818 2108 6400 -6086 9086 2478 -2655 2482 -4489 -2803 -5671 -8885 -1447 459 5765 -2691 -9634 5745 2227 4662 2869 7118 6201 629 -4164 5409 7690 7029 5548 2021 -8147 6899 -2615 -2027 1236 4115 -610 -7866 -6257 -7812 8252 2045 -8586 -2940 -62 8811 4263 4008 79 8314
5122 -4148 -4734 -1267 -5011 242 -3294 9446 -6048 1592 7871 1218 9043 -3419 9679 -8571 -5764 3835 5762 4088 -4375 -228 8573 -8183 6542 6629 -6384 2790 1304 -478 -3294 2736 -8946 8512 7378 4183 -322 -1875 5881 684 -210 3970 2636 -3566 5482 1984 -4580 9712 -4867 -449 -2167 6635 -9150 -6242 -7961 -4191 -1481 7552 7814 -3109 6356 -5463 9594 611 1634 -5132 8868 -8876 -9218 1935 2763 7862 -1135 1238 9469 9863 -8452 -1979 29 -4040 3157 1926 5948 6795
-4292 -4508 8419 -5782 -391 -4809 1588 -5195 -2121 7581 8657 -1604 326 2184 2680 3891 -9838 184 -232 -6346 -8212 5899 -9581 9702 2297 9282 -1648 -3929 -6531 -7472 -6689 -9669 -2812 9513 -5590 904 -668 -3017 -5762 7642 -7469 -629 5264 8651 -486 -2688 6375 -7347 3285 -6256 -6184 -7626 5913 -7064 -2142 -2411 1804 -1233 1028 -5798 -5942 -4226 -8330 3098 -3406 -151 -7956 -2540 -7078 7386 1980 -8096 8705 -8875 1437 -9525 -24 9080 1967 -2492 754 -3903 -4170 4883
-7694 -4688 9974 8565 -2294 4046 5818 7603 6161 8420 -3558 -1384 3574 3280 -5861 -2037 8712 -2417 4045 -6001 7048 8092 3201 -4227 -2319 8559 4473 6361 -9744 -9341 862 8504 -132 -9425 -520 9228 5821 -3867 -9850 3046 7987 1793 719 -2795 2678 871 -6262 343 -3369 -8191 6241 9373 -3334 2139 -4761 -1959 3610 -1932 -8477 2791 -6549 672 -7818 9301 7566 7327 -7881 -3950 -8290 -467 9095 -1162 -1880 5179 4748 4414 -9509 8390 -767 687 -5308 -3207 -5695 2999
2930 -7262 -9515 1600 9343 3046 1322 -4745 960 2993 -3104 -5347 3911 -3505 2531 -4510 6030 6152 -5065 -3768 2609 -971 2343 7560 -2306 2979 9120 4987 9401 -9294 -6577 -2611 9584 -8763 6893 9960 2973 7206 1567 -9666 -2660 -4538 -2095 8514 -5558 -2484 6772 8341 -435 -9003 2681 365 5657 9104 -9040 -8547 -8683 -1040 3511 -8546 -3294 4810 2921 -4584 -6658 3261 4335 -4662 850 -5818 -8185 -9006 9156 -4609 -9302 5727 -6914 1348 -4632 3497 2768 9807 6749 -4202
9657 -1956 6024 -1546 1079 -4674 3338 3403 -1634 6604 -2210 7957 -7985 4020 1818 8235 -7885 -704 4879 -6795 377 -7637 -2211 6796 9023 3886 6365 7930 -1658 -8071 6472 3366 6533 -6077 7522 -1395 -8471 3603 -7046 3129 -6445 -8521 -4654 9372 9332 1528 -9278 1194 -6693 7990 -8761 -4088 -4957 -1446 -1067 9370 8037 9350 5269 8646 -4529 9323 529 9377 5214 1148 -2615 -576 -7522 -2096 2089 -9646 1346 -1559 8919 -789 -9539 448 9314 -5036 -5480 -2493 8200 -906
5769 -953 6017 -2200 7260 7376 9451 9433 189 -6621 671 9295 -2531 -7633 -7399 -6556 6518 -1150 2098 -756 -1240 -326 5798 -5049 7700 -6022 5469 -6952 7986 1793 7434 5765 -1585 8979 8571 4125 3876 4547 -247 -9546 8092 550 3571 9468 -6415 -6282 2990 -944 1943 -826 -3803 -6321 6999 8204 -6985 -2134 4336 -9741 5042 4133 -9250 -8397 9839 2653 1415 -6442 -9246 1213 -2350 2580 -276 5881 -7479 -6826 5198 222 5165 5042 -2951 9645 -1976 -4117 -3211 2744
-6076 -6759 9995 7482 -7733 -3497 1526 -6419 -7013 3820 -1710 7359 -9356 4429 -2458 -8486 -6637 -940 -571 3792 6002 -9797 9940 5406 6516 -7301 4422 7802 -9530 -9502 -5371 6798 55 7381 -3215 7263 222 -7363 -7617 1554 6759 5507 4781 9777 -6190 2141 -6110 -5178 -246 -3103 6257 4783 6110 -8724 4297 2349 5068 6045 9185 7999 -8550 -3885 2874 -4331 -9347 3819 -2202 9166 -4508 -1285 1279 7247 -7437 1000 4776 -4682 2498 -8625 -5023 3275 4947 -3742 -9120 7864
1906 -7781 833 -4399 -6084 4871 -6787 -6459 2001 6411 3482 -3965 -8979 1518 8494 6466 -4217 -6704 5171 7927 -749 8233 -3871 4079 3031 4627 -4653 2209 -8334 -1436 -5955 -6712 -8308 3621 -9781 7281 -4494 -2800 9649 2233 9927 -6192 4074 -3864 -778 764 3845 6202 -3893 6152 5039 -1868 -3204 3949 2621 -7615 -2229 -3971 9730 9237 -6883 7874 -7397 -8708 -1285 -281 6137 -4294 -9887 7301 7898 -4266 5902 -5415 -8917 3874 2199 6057 9238 9156 -6960 4615 -7402 -7510
-7811 1515 2313 6302 6680 -6388 7371 7005 -5172 -1178 -9995 9320 -5451 -9952 1763 6876 -9932 -1276 -7528 466 7978 1805 -9517 -6656 528 5453 -9518 8538 -739 1174 -9477 -1914 7128 -4608 -9996 8675 3544 -6289 -5602 -3184 -9690 6180 -377 -2492 -294 9858 -6469 5717 5364 3063 4773 415 -2645 -5315 1663 -2375 -3493 8323 -2647 -9701 9919 3697 -2934 422 5032 -2217 5767 6420 -6222 -3410 5170 6121 9912 3899 -714 -553 -9232 -5873 3028 1398 7948 5463 -6477 4966
1631 2079 -1863 -1767 -811 8900 2976 147 -580 -6450 -522 6718 -1836 -3524 -7815 3020 -6650 2106 -4562 -4463 -5085 3096 -6892 7689 7639 -1662 -6472 7455 -3785 8232 -7106 -7797 -6199 -1147 -7763 -9907 -4247 6689 -73 -7300 -2915 2699 -1529 -4423 6328 3101 2772 4339 1984 -8056 -9771 -442 -9969 -5990 -6727 4246 3227 6651 6288 5146 -8789 6930 -1705 2723 -9883 5209 6040 6858 -3997 -606 5969 7579 7931 6677 5268 6914 -5495 1371 8779 9550 7451 -2702 3126 1235
6755 -7355 -6788 1785 2397 -3346 -9739 6575 4017 6881 3767 -5151 -6859 -9529 3874 125 -3191 8478 7468 -4825 -4541 -8276 -7402 6123 1418 5329 -7656 6104 794 5409 4067 8468 -7965 1628 3876 5224 675 377 4813 -8538 -4419 -9409 1690 -2617 6358 1548 5100 -1524 1638 -3496 -1182 -8305 -773 -4525 -2135 33 590 -2327 -3276 -4243 165 -934 7750 -4215 -8386 -421 4068 1338 -5730 7230 9563 4419 -3214 -6833 759 7873 -4251 -9573 -6007 -1580 -5196 1888 -9926 9448
5837 -8176 -9074 7647 4397 -4106 -6136 2413 6425 6195 -763 -9589 -3664 -8522 -8532 -8844 -3075 2158 4243 4525 -3232 9003 -6656 -38 -593 4171 485 2397 -192 2815 2604 8977 5723 4786 1559 5872 5938 -2197 8794 -2887 2827 -158 8944 -4708 9777 -6787 9956 1404 2321 3210 9232 -5205 -5096 -8444 -8503 2158 6918 6061 -4101 7170 -3874 6583 1212 -1854 -9045 -3135 775 6005 6079 -5506 -9064 -9653 -6425 -8527 -6391 5479 -129 -7623 1019 1303 1894 -3834 -4836 6402
-6408 -7558 -5155 -4697 3713 -8504 -2102 -9144 -1345 -9153 -8857 1696 -807 -199 -188 -7547 -1375 1436 -9629 -9857 8893 4851 -781 -2647 485 -2720 -8345 9014 7439 -4695 6003 -6086 5123 9482 -8539 -9839 8752 7722 5468 -7448 6411 -8742 8371 -4129 -3844 -1420 -9154 -8447 733 1428 -8165 8068 9762 -7032 -4438 -3465 4385 -23 -5552 5898 -7285 -8230 9782 7690 5127 8642 8602 8558 -4151 -8662 9801 6979 -6990 -6257 -2113 1137 9542 -8386 123 -9469 3811 9326 8075 8293
-1048 -493 -6965 4509 1765 -6780 9367 -5610 6093 1836 -9512 1048 7107 8410 -9091 4427 9148 7063 -786 -1608 6148 727 3812 5145 2726 9586 5256 3624 4405 3186 4986 -3757 -9152 4028 -5396 -9487 816 7377 9429 -1244 9272 9943 -9611 9205 -8039 -2249 -8491 4384 -8935 -6588 -8533 2221 6474 7277 7163 6423 -4607 -9760 -85 7641 7394 1103 9543 3797 6571 -4072 2297 806 -9301 1545 9942 -3788 -9495 8395 397 -8404 9040 -6463 6388 8446 57 1714 6873 6130
-8056 3666 7111 -8061 6102 -5767 -4352 -4636 -3900 7655 5742 149 -165 7717 3365 6795 -7560 5390 4952 59 2505 -3344 -7093 -247 -2161 -3242 -711 -575 -7500 -4485 256 -2670 -9528 8737 6485 2114 7864 -4163 3422 8147 5348 -7173 -5654 6497 4682 -1679 -9675 2907 -2010 -5251 2230 -281 1771 -3389 9850 1731 8646 4765 -8537 -4823 -2438 5652 -5585 -6096 -4684 -8092 5892 -8333 7018 7374 -3103 -8217 9655 -7065 62 1328 -5975 2312 -5853 -6214 8067 4879 9778 -3870
-8277 4990 -1120 4772 5971 -95 -4040 3743 4438 -1631 8907 4891 -1105 787 2285 8554 6388 3302 2517 -687 -7740 1077 -2397 -6381 -9205 -8507 -5450 2075 -6778 -6986 5208 6110 -2405 -5724 -7340 -9495 5834 -2068 -489 1926 5368 6644 -6869 2446 -4962 1892 8392 8666 5189 -7989 -7842 -1685 2811 -4035 1555 -4492 6160 -8608 8140 4859 7678 -8448 1886 8657 -3869 -7001 4353 -9616 -3685 2544 9434 9494 -6029 -3298 -1718 889 -612 -8754 1065 1320 -8672 -2367 -4909 676
-4569 -4795 -3585 1228 9850 -3732 -8408 9533 2537 -9428 3890 8793 -5322 -1899 -5651 5981 1372 8783 6454 3394 -5577 -2760 -1494 -8794 -9445 9105 -4656 -4946 8525 6506 -9116 1041 4132 8957 8792 -361 6476 2666 709 -934 -668 -3704 2830 9603 3679 -5836 -5602 4958 9168 4030 -3047 3396 -2372 924 -9995 -529 2666 6962 -8443 -6792 -1283 2258 -8295 -5934 537 -5356 -6066 -1030 3478 -5916 -1987 -5999 6067 1747 -8850 7429 582 9632 820 -2292 -4428 -902 -4515 -3691
3313 -6972 -2870 6776 1025 9801 7643 -9008 3315 8786 -1522 -5628 1096 5673 -693 9876 3341 7695 5791 3263 -2814 -709 1553 1321 -7684 -8780 9033 1271 -4143 -1604 -9963 7680 5868 4188 -1601 -8016 4516 -7686 7839 -4841 -1680 1777 -6397 3959 -6693 6528 -1523 -7820 -4195 9244 -904 856 1102 -8632 -4486 1867 -867 -7482 8286 -2092 -3902 3664 9013 -2468 -6248 2933 1699 4937 3663 -985 6818 6191 -7619 917 -4027 174 -494 9835 -465 -8404 967 5649 -8936 3547
-7407 3260 -6689 -4651 -7669 -6815 2544 5975 -2698 1769 568 -3593 9432 4856 -612 5621 2155 6863 -3860 -3139 -2834 -2668 -7700 -5942 -9301 2976 2831 -7381 -6782 2885 9436 9048 -3345 2548 -2039 8344 642 -4435 5494 -6040 -8063 -5244 1028 806 4522 -6323 3248 6313 5659 -6328 1521 9174 6268 -3442 6984 -380 -1337 1231 -2993 7933 -9894 5705 3426 -5090 2928 2635 -3905 9223 -6928 -4225 -1737 -4882 -9134 -6147 2216 -1568 -7100 -9334 -6142 -5694 -3549 -6951 6284 -4923
8975 -8535 2753 -3225 -3663 -9656 549 6088 874 -632 -5981 -2571 7320 -2027 4443 9753 -1888 1237 -9288 7430 9109 -5602 4504 1928 7110 -1752 7567 -1548 -1378 4104 -8963 8559 -3459 4312 4434 -8015 9120 -3953 2926 961 -3362 9734 2606 -3744 -2721 5781 -9187 -4857 7561 -3708 -5513 1314 1479 -4669 3095 3890 297 -7681 9840 -9164 -1359 -3645 1693 -7036 969 5226 6383 -3229 -5986 4738 -2492 1558 -1524 4828 -9160 6150 -3955 -812 -2001 -2031 3642 -1698 -4815 -2182
7043 149 7110 7692 -8543 -8783 1858 -7090 3136 3740 -7157 -2517 6043 -929 6318 5091 1512 4511 9737 9127 -2147 3416 -3629 -5237 1987 -7328 -7290 -6167 1472 3926 -5972 3411 5296 1453 -2716 -5454 -7459 4263 -123 -2372 4720 8921 -1655 -541 5911 4983 -8301 3203 -3640 2798 -2086 -4148 -2748 -9386 139 8542 -1735 -8910 -3643 -5693 4150 9453 7421 -7228 2010 4754 7200 -2441 104 4867 3927 4898 4403 -3982 3563 -7676 4193 3943 -2515 913 3065 -6815 -2153 9384
-155 -7532 1261 -5028 -7808 8647 -314 -5737 -392 9406 -7586 -214 1530 -8961 5384 9429 755 2206 7819 -5063 -7076 7905 -5050 2665 -5456 -5696 -3080 6647 7816 9846 -4457 9507 -3323 -2291 -4594 -6225 2831 -7043 -1967 2264 2284 -2027 -5757 2152 1832 -5217 -7884 1098 -6782 -4467 8634 -7661 -6551 9049 7617 7145 2234 -2667 -4577 3976 -63 -1762 -1177 7407 8230 7005 -6804 -1405 5388 1053 3419 7527 8568 6721 -5453 258 -9208 3630 6967 -7231 -6832 -8612 -5160 2908
-7610 -2355 5727 6598 -2016 8862 9853 1597 3182 -9774 -6726 5212 8109 -1006 -6885 2183 3005 7006 -3658 -1471 -4140 -9866 -4132 6110 -7222 1127 2584 -1730 -7463 -1268 7686 7894 2403 -4807 3331 -7901 6822 -1660 -8536 -4373 -9179 2215 8168 -4244 261 9489 -7901 2379 4189 6623 -3287 3843 -939 6195 -5128 -375 -6923 4937 9005 -9293 6675 -5682 -7710 1442 -6800 5047 3825 -8951 5070 -2425 -7650 6528 -1264 -5557 -5641 -8539 -5913 -6020 -7541 2624 9984 -2516 7412 1958
5488 120 9753 -6463 -1319 -2702 9324 6347 3796 -234 5869 2247 -4865 -5908 -1670 -8534 -9990 -6060 6093 4131 1911 -2159 5451 -3557 -6546 -5272 -2672 5366 1199 5107 -4348 2707 8593 7752 -8015 -2523 -6804 7357 7674 541 607 -9865 5433 7856 7622 9567 -5865 -1704 -8753 -427 -2253 74 -7037 -6431 -5274 -9122 3119 7075 -5291 -755 -4176 -2584 -1125 5251 -8040 -5098 497 -9775 -3398 2068 4291 -9217 -9736 -6623 -5910 9571 1567 2435 -1588 5134 9457 5090 137 1387
8409 6825 -2541 -6048 1757 -5346 -1251 8745 3115 9139 -9519 -7666 1177 -425 -7292 2715 -6254 -3200 5624 -7422 9592 4737 9966 8947 -646 -8009 -3748 5744 8793 1753 6811 8872 -3652 4792 4217 -4484 9909 3805 -2747 910 9476 -5060 9555 3613 2560 -9254 8417 143 -4420 -2910 5821 -1673 -2817 696 9794 -6280 7829 9367 476 3277 8078 196 5300 -7029 -4629 3122 -6444 2219 4056 7071 7825 -3202 -7254 -6296 -7336 4929 -621 -2427 -192 2117 6029 -2652 332 8489
-1541 -3729 -7029 3705 5017 4465 -9792 -7277 -500 772 5535 535 -4070 -1674 -5094 -5556 -8210 -3624 -7202 -9013 -2103 444 8522 5195 -3047 4707 826 -4713 -2354 1188 -5634 -2870 8340 -1113 7880 -117 -6881 6060 -3518 -1532 3464 6323 -4496 2944 6722 7160 -8390 6854 -7041 5970 5794 6654 -7293 1406 -6119 -7701 8131 8900 -2588 3082 7211 -858 1275 3879 2658 967 -9444 7684 3607 8412 -2070 637 6720 6038 83 5746 -2167 -8262 4403 5541 3375 -8247 2417 -5943
-8619 -7973 3187 9106 -6321 -4427 -4185 -5870 3326 7602 -5492 702 -5219 2866 75 3990 -1646 7463 -5801 253 -6748 6953 -7831 9439 4632 7071 -523 -4440 -6717 -536 8701 6891 -6108 7639 2554 -737 -216 -7197 331 -5182 -3847 -6167 -9509 3467 7879 -1311 8102 -3032 -3128 -8940 -2321 6316 -9473 3637 5766 6413 -2646 -5284 5031 6582 907 -2672 6205 -2158 5846 5475 -5276 3404 -5155 162 3920 553 3887 -8728 7816 -2275 6632 -6972 -6999 -5027 7926 8404 -1220 6249
-6005 799 8136 -5985 -6684 -5872 -2168 -2525 5851 7435 -8348 9042 -5302 -2078 9837 -6296 -7304 -3974 5189 -1575 -7444 4461 1788 -2727 -2847 8534 6510 -4146 -9513 -2947 9530 -1492 -7988 -8257 -3528 -6817 105 -1989 -2958 -9293 -7460 -2647 4665 -7157 9792 143 851 9584 8386 2034 2658 -9500 -7041 -9202 -9624 -7183 5757 3359 -2831 -923 -139 113 -4854 2666 -2918 -3609 -789 4205 -8580 7315 1525 5940 6338 713 -949 9030 3989 7430 1431 3780 -5029 -351 -7437 -1216
5027 4405 -4444 4646 9304 5239 8673 -8147 1010 5312 -6336 -8689 -8225 6569 -4034 3909 -1060 -7219 3873 -9101 2416 9625 9112 9336 -7098 1326 -2408 3290 8444 7048 -8866 8559 -478 -70 5151 9868 3139 5078 904 8953 -5134 8984 1872 -5463 -1817 9608 2163 8626 6653 -352 3185 -6082 -5167 -3474 7775 3495 2828 5895 -5832 9794 -4624 1037 4902 -8064 6434 -6151 7643 7067 -2726 -355 -420 -9994 -4571 6043 1644 -102 -5389 6535 -8034 3837 4071 -5441 8279 -5316
8515 -8891 -5861 -2189 -1266 -8006 652 9621 -6684 -7128 4336 7107 -3236 -6224 -4785 1399 673 -6998 9185 3014 4103 1793 4337 -5944 -4666 3507 7642 -2058 404 9360 9899 2703 4234 6483 -912 325 -4754 -6217 -2128 8124 -8998 4299 -7257 -7114 -4534 -1130 1790 -4735 4233 3907 -963 -7742 -6080 5358 -5046 -7954 -2442 -6816 7064 -8190 5072 -2313 4593 2080 -8234 479 7309 -7043 -3831 1799 -4967 239 4369 -4160 -763 7141 3244 5533 -6128 468 -5508 5950 -2757 8071
2505 -1207 1714 3305 4434 8338 -5642 4688 -8522 3387 -8713 -1235 -7240 -5233 4782 5861 3231 -8095 -3996 -146 3943 -8134 8375 6469 -1570 -8416 -6651 9980 950 -5553 7365 -5603 7024 8644 392 -7618 -8914 -8053 -4951 6607 8009 4924 301 -5374 9102 -5172 -1531 -8834 -440 3748 9032 8835 -8606 4620 -8379 -4284 -2276 1224 -1838 -5637 2131 -511 2761 3709 9766 -3885 9262 -8658 5203 2377 -2780 4310 6238 -9247 3253 -8695 810 -7688 -9530 -7048 493 -7546 -5586 6152
6924 -5386 -9877 1720 9293 -6694 1172 2251 7175 -5083 3436 -4296 -8419 -3355 -317 -983 4720 5552 -3014 9921 3706 6909 -2697 -3624 288 -9423 9057 -9005 7374 -7957 -9629 -26 3052 -126 -1136 -7718 1478 9298 -7423 -524 -5316 -8128 -2895 5458 -5126 -9776 7109 4182 3743 5792 9936 -1761 9984 4446 2140 3158 -4031 4499 4757 -3356 9762 -4536 953 8405 279 4570 436 -3038 -1417 5802 294 -9309 6747 -6818 -8843 -855 402 3387 -6503 -3610 6596 4862 653 -1784
-4897 -7873 -8719 -9924 4625 -4131 -2719 2427 3545 -3692 -4660 -8417 8858 -4878 4633 7448 -8187 6270 7122 -2971 -2362 5178 -5584 -7496 -4652 -5795 -8252 6239 -168 2215 -4133 8293 -9650 4714 -6756 8434 4252 4256 -6003 2932 990 -4814 8938 8485 9977 2408 -1076 -3295 -8430 2087 9448 -666 2399 3856 -6372 9920 4142 9643 -2722 9458 7996 7488 -5275 4863 3458 3796 -4558 -3680 9374 126 668 -1226 3536 -8266 -8648 -5365 6 9583 799 7292 6176 2295 7116 -7041
-4633 5828 9851 8728 -7249 6907 -5509 -6656 572 6874 8991 7441 -2548 7487 9943 1320 -3367 9452 -5415 -2776 6017 2253 -8103 3980 496 -9294 2199 -9372 7443 -4099 3582 2647 8475 444 8483 -8677 5079 -654 -862 -7376 7509 7361 4989 -7996 -4980 -9829 -9022 3708 4945 -8958 2546 3917 3951 9805 7751 2539 9950 1127 6076 -5389 -5911 816 -3334 2002 1409 3225 -7331 9430 -8936 2577 2120 -2904 7601 9197 -3907 -3439 9484 7952 -6042 9535 -1725 -5405 -4746 8249
