62 53
1548 -1455 -8857 -546 5233 7867 313 5055 -7076 4774 70 -4113 -5230 3332 -9491 -2184 2736 4090 3432 -5333 -80 2934 -6065 -5618 -2103 5920 -6009 2186 -3881 -9747 -9561 4158 -4418 -6191 5247 5737 3022 276 -9188 -1344 9917 8110 978 3787 1510 -697 -9472 9105 -8451 4151 7671 7720 -7555
-3743 -1633 5726 1055 8889 3577 3418 -9274 8081 1045 -2609 3405 -8803 -2262 -7617 4684 197 -1438 -2965 1530 -9873 -9563 1687 -4706 7115 -3852 4889 -2212 3047 -1209 -4485 2950 3139 2295 6068 -147 6140 2447 1692 -7594 3896 8119 -5791 6300 -4916 3177 -3296 7190 1077 6534 8926 -1539 5521
3480 6005 -5666 8066 4275 2265 4659 8799 6475 8350 -5088 7692 -4396 -2112 462 -7980 8228 5581 -1068 4748 -2174 -4706 4176 -4686 203 -8276 -6365 -7825 -6923 6244 -5645 -2688 6894 -2538 2525 -1142 -5568 -9832 -6676 -7594 1942 7039 -468 1477 6347 1999 2242 440 6416 3548 -8315 2429 -1072
863 7625 -9187 6486 646 -6870 -2957 -538 -2559 -2214 1668 -5248 2933 -4197 9924 8394 -5325 -8237 8869 -4745 -1377 8891 -359 -2743 -8733 2963 9375 463 9431 -4914 9541 -3025 -912 -1040 -3506 9148 -4450 -6079 -9514 -4212 3191 -4621 9836 6252 9327 7280 -2271 8859 -5438 -7764 -6368 -9203 7214
768 -4156 7783 -2869 9535 -4931 -7113 -4983 -174 -4375 8357 -4420 2483 6748 4630 -7834 5230 8616 8028 8479 6455 -5038 -3267 6127 -7924 3758 9442 -1719 6214 -1601 -2926 -4871 7393 9706 -6115 -8609 -3359 -5385 7853 -7165 8973 -4622 -7368 8856 3360 7991 -5466 -1828 -8378 -7791 5387 7267 -7896
2752 343 -7357 6941 9180 270 4740 -6820 7065 -4098 1897 -4673 -7395 -7703 -5235 -254 -6045 5030 -6744 9707 2598 9966 -7035 -7434 5151 -1364 1778 -6043 -6854 6064 -5590 4449 1395 8548 -9880 -4032 -4426 -8341 -3193 -7325 9227 2507 8572 7023 -5497 8513 5639 213 7000 -3478 -1538 -9496 -1497
-502 -6932 6774 1715 2223 -3102 3439 -3670 2095 9645 -9740 -5101 2141 1881 -8285 -6318 5194 8277 -2385 -5318 2846 -7897 2724 -4867 -4009 5994 5473 601 -3008 -1419 -5042 4607 8069 -8720 9427 2639 -1298 -9644 -8636 6395 -5334 -2422 4351 -1395 -4466 505 3571 -4666 -7709 -7870 118 -5135 9200
1254 9705 1500 5154 278 -7290 5380 -2300 2225 -8840 4843 4833 906 -8896 -1660 -5124 -8379 1472 2501 3995 -4694 -5868 3976 4184 -897 -8059 -5549 -2419 9940 -3612 -3087 -5861 3836 4223 -5101 2428 -2539 1001 -326 9494 7568 -3509 2776 -3484 6658 336 -9213 -6580 8759 -5743 1008 262 5034
-5653 7504 2542 8602 -9916 -6081 -5061 -2498 562 -2102 7325 1575 -9507 -4164 9811 1996 7004 3668 -2546 5779 -1106 7346 3599 -8905 2611 8230 4483 1853 -1848 -8110 -5498 -6859 1127 -2048 -6523 655 -2306 9517 -5562 -1562 6596 -1500 -7676 -2241 1240 -7843 -614 -9345 -7671 3815 7087 4520 2629
-9743 2596 460 1769 5355 -8274 6690 -4681 6147 9042 -9232 -1934 4270 -6659 -5739 3914 -63 -3722 -4982 -5131 2974 3759 -9872 7007 7025 8412 2324 9829 -9213 7521 7427 -1191 -3863 -2654 840 -7688 -8135 -3599 1227 4410 -7275 2873 -1346 -2367 -1251 -3643 -4051 -394 8722 -6112 -4235 -6826 8692
-5723 -9092 -8747 822 -5420 9934 -8268 4768 -3018 -9539 8836 -36 -1750 -7621 -3776 -5693 -5111 5454 8964 -7122 -8975 5740 8334 2747 -570 -4764 -1114 -1984 -4911 -8446 -6281 1345 8442 9896 -5354 880 2877 6183 7286 -204 -4691 2758 -5907 -6025 4320 -7781 -7323 3666 -6344 1919 9595 5511 -5266
3817 -8658 -6320 -3421 -3625 -7207 -1952 606 6225 3778 1303 -4880 5400 2288 -1674 2406 2997 -8542 851 5947 -5376 5719 -8797 1144 6890 2406 -2944 -6418 -6650 -4816 2159 8343 -5878 -1667 8666 6710 -9010 4693 8888 -113 8631 -5108 -5772 6536 -9709 -3511 5742 -5672 7639 -2110 -7340 8396 1590
6912 -4392 3380 3160 8399 -114 129 -9743 -2184 -5949 -1016 -7439 -7384 5040 8893 -7832 -7613 129 -8179 -7474 -5765 -2646 -7748 -3424 -6406 -5644 4266 2135 -1117 9265 -4373 6574 3474 -911 -9495 -9088 -2807 741 -6335 -136 -8753 -6621 -4774 -2673 2980 4347 5516 -4582 5913 -4931 5170 -6617 977
8127 -9015 6713 -6162 -559 6684 8265 -5660 3349 5225 8685 2723 3657 -9581 3730 -9080 6573 -7204 5145 859 7181 -3655 -3586 -7175 8976 9680 6219 9341 -1456 -5121 8130 1021 5676 -912 -7368 -5148 -1700 4873 -2157 1123 9549 -7320 -5639 5540 -5132 -3050 9579 3754 6005 5301 4439 -4666 -8980
5342 -2112 6174 9605 8451 2029 508 9641 7620 -4849 2124 -5115 3265 8745 4082 -8535 -8589 -3258 -608 -3467 405 6786 -9219 -6603 -3417 -7086 -4438 1050 1795 -1670 -3128 4095 -7815 -2615 -9179 -9892 -4019 1687 2207 4483 -5273 -3144 6258 -1699 -2272 -7079 3272 8792 1001 -4442 2459 -125 5334
-5146 -8639 -7003 6901 -2737 6624 3659 9227 1685 -9771 2337 4764 4519 -1979 6057 -6393 -687 18 432 926 3765 -290 -4698 -9602 -9299 5399 -292 7294 -2844 2111 2030 -6753 771 -7380 -9670 3543 8780 5673 4973 -1456 5161 7953 -679 5917 3200 -7931 -7564 -7188 9274 -4665 8549 3881 4364
-5860 1999 6925 -6560 -9112 -635 -4308 -6670 -3687 -3333 -7343 3082 -6490 9672 -8685 -386 -9792 -2284 5094 427 -3506 5373 4392 -7678 -1223 2220 -7717 7110 -5349 -6269 182 -1352 -5634 9816 -5871 7257 6730 -6283 -7877 1764 5256 -3034 4158 -4597 4167 -3103 7253 7343 9256 7750 -5237 4329 4837
7175 -7367 8189 5181 121 -1517 -5340 -4511 2566 7355 4266 500 -7663 4469 6829 -8770 -9566 985 -2995 -7315 -8115 -4364 -5797 -288 5584 -2714 -6014 -3351 8815 -5367 -8319 312 7608 -8117 -1395 5201 7800 -4822 4590 -93 -1957 5453 4576 -4323 6843 -5642 -1255 -7027 -9786 -8901 -2338 -116 627
5117 -933 257 -7057 3771 5920 7956 -9410 -30 7401 -5541 -3409 5702 -6274 8887 9585 -9697 4489 1876 1938 6697 -6121 -5215 -1774 5796 3075 -9109 7482 -5294 -1075 -3591 -8159 -3982 4333 -5718 9726 -5363 5003 -5385 8142 -442 -5494 -4990 3140 4073 2949 7224 -6942 -9606 3463 4926 -8726 -1830
-3137 7102 -6204 -5454 -6660 5228 -9351 3203 -2877 3809 2438 2808 -4094 -7242 -5144 -6990 7944 7893 1292 -3890 -9553 3763 -5727 -1342 5656 6577 1402 -8215 643 8874 -83 -7755 2652 -4745 -7171 -7288 -7425 1643 4169 9401 -1261 -3853 9674 -5550 304 9497 529 -436 6655 6502 -9845 3232 7557
-1500 -8592 -4949 3243 -5002 862 -1629 -3163 -9243 -2114 416 9171 1559 -9480 8321 -9466 -2902 6594 -3997 -7946 6005 -5856 -9362 -3809 2966 -3323 -9956 4813 3112 4723 -1864 8370 3563 -1892 -133 -1930 -8058 -6290 -5087 2102 -8890 -6460 4912 2530 -6379 -12 -5710 -6673 4042 -2307 -4534 -8495 3087
3725 5943 7037 -6822 -946 -8402 6592 5358 715 9115 -2853 9939 904 -9261 7223 4470 1164 -1319 -7997 -399 8433 -3043 2260 7890 -2485 -2763 -2442 -9389 114 -3549 -7955 6505 -3193 -4197 -3439 8482 -9370 6415 6559 -4268 938 -9814 -9175 8674 7125 -6311 9865 9618 4218 -3800 921 4072 -508
-4986 9702 5430 -447 -1486 -3282 -5700 -210 -9830 5758 -3350 -5895 2066 -7766 6817 -5652 5111 -5573 -4516 8691 7175 -3093 -5807 2468 3027 2858 -9062 -5812 1556 -5043 5663 -5473 8230 7036 3346 -3566 1203 -4207 531 3609 -3317 1264 -5637 -2004 6057 1984 7948 -8744 -731 -9011 -7224 -7614 6893
-7154 2333 -984 -6228 7698 -54 -8067 -9692 -8536 5504 7030 5066 -7506 1161 -580 1633 9462 7269 9125 -2980 3355 7332 5338 -522 -7362 3006 8415 -1446 7666 -1216 -9305 4817 -1946 5777 9046 5097 2715 7684 1952 9284 3438 -6354 4001 5073 -7694 5151 -4123 -6343 -6722 -310 6694 -1668 231
-6357 8409 -7601 -1620 3763 -7347 -9121 -2223 -1846 -4283 7519 6590 -2015 -2141 -4799 -1381 9787 8901 2748 7822 5409 7906 -2724 9133 -9567 3010 -5983 -1963 2244 6921 3793 -5186 -3814 -265 -9531 -8718 -5212 -5340 -91 -1689 4426 6939 -6547 1909 9071 -3607 -7916 -4601 7625 -1182 -6895 -4032 -8282
9425 7927 -2676 9436 6710 -5024 6808 -3762 1419 -4436 -2288 -6491 5864 -992 8192 -2059 2723 4727 6954 -84 -7594 -7964 -8909 -7077 3921 9902 -967 2531 7844 -1881 -460 -8914 9571 -4298 428 3540 -6896 -8348 -5507 -9581 4128 -5986 -9562 -2889 -2582 9153 2254 951 -7339 6169 6312 -6151 -3610
-2547 6773 4320 6452 -1477 -3833 7145 -8932 9013 -6815 -5813 8826 -7129 -4944 312 5534 1903 -674 8811 7427 7048 7871 5405 -1741 -4273 4546 -6295 -3574 225 8493 8603 1819 -4017 -988 8832 -6774 932 -3363 -2674 -2037 -7877 -4514 9283 2096 -8976 -7977 8721 -4630 1985 9384 9722 3934 -2424
-6771 -3618 1666 10 -9408 -7360 -8640 -4699 -8536 -5488 -2607 -2690 3513 -2183 -4465 2985 9637 -6549 3470 3462 -8195 -2940 5883 7450 1003 -8862 -7744 4534 -4537 6898 3977 -2830 -9370 2012 -9790 4897 8065 -823 1880 5182 673 -6073 442 -3054 -257 -2171 521 -9275 7877 6741 -7824 2712 -3977
6929 -5352 9933 4429 3429 -4641 6553 -3004 -4241 1713 5612 -2065 -8090 9934 3766 8137 -2880 5015 9551 -3597 -2836 5419 -6506 -9546 -9789 -472 3491 9088 -9923 3354 7473 -2603 -4565 8470 1978 8030 -5549 -5748 1640 -5680 -1673 -5534 -6138 4057 -7775 2870 -7389 -523 7378 -8120 1072 -4386 3819
-8026 9919 6967 -7223 -7489 6904 9684 7348 -4680 -4145 4123 -8639 6371 -2249 -4710 6657 -2939 -8377 -2888 4806 -3605 -1244 5875 -6988 -8008 -6037 2072 8853 -6848 6468 -6001 -252 -8299 517 9961 3166 -8895 8198 9583 2645 6682 4348 -9510 -9117 -5562 4977 7585 1635 -4754 1123 -7698 -2419 -1279
-3920 -1482 6276 -540 -5580 5158 392 9000 7942 -8836 1894 7512 -3308 7458 -5175 -5194 -8035 -5499 5235 9490 -1570 -4765 120 -3975 7682 -895 -1746 -1875 -9647 -9378 2942 -6450 -6718 348 -830 -7147 -6892 1531 -2823 -2592 -1422 -8022 -5176 -5167 -8286 -4692 420 -3727 -8469 1839 -9108 -7181 -1731
8349 8417 5848 -4135 -3696 2178 -8961 -9482 -3517 -8607 1041 2224 -9578 7695 -1667 5779 4516 3584 -5770 2105 -4478 -4364 6565 -4714 -3407 -9236 -7024 1181 9282 -3948 1347 -9175 4228 -7574 9061 8566 -5219 4831 8446 -7351 5156 7292 1897 -3896 -7773 6856 -3083 -8812 6381 89 7958 -8514 6753
8791 1322 -9689 -6047 2936 -2011 9443 2682 -275 8771 2282 5663 -1967 5543 -8218 -5362 3148 -9656 1962 -6109 185 -2472 7342 -9178 -4188 5985 -1774 9867 9866 -7504 -3508 -9922 3174 2807 -3811 2185 7894 1958 644 4451 -1995 9716 -8427 7550 -1669 6720 -6941 1629 -7114 3235 3887 808 4433
5449 1165 1651 -7375 9919 -9072 -6999 7508 6275 -8556 -8527 8845 2795 9991 9 4636 825 -8476 6679 -1257 -6038 -4098 -1334 850 1423 2484 6980 6116 -296 185 -1963 3552 9571 -1631 3717 -6309 -4798 7562 7971 2187 4388 -8421 -499 -6948 -9865 -5572 -6185 6124 1713 8557 5636 -7085 -4733
5251 -2142 -6105 2454 2968 7663 9365 7013 -4029 -228 2745 -1326 -4294 -4167 6353 4029 8819 -8080 -3306 -5432 -8269 9336 8716 -1341 6722 673 1662 -8095 -573 -2137 -9711 -8826 -3497 -4179 -4580 -5835 -7097 5580 4663 6691 8787 -9000 8173 6131 -5757 -3501 -6384 -2389 4520 6077 -61 -6649 -4911
-6221 -1499 2281 4981 288 1915 4976 -5962 9487 -7599 9060 4623 -5252 5673 -4566 1379 1297 -5318 6486 -9940 -4821 5326 9559 8296 3293 1309 -5493 6776 -7265 -159 2171 -6585 -5944 3096 8605 -493 -4551 -8457 3206 5814 9735 5821 7655 -7618 9776 6544 -5591 6486 1864 3318 -9332 -4874 8707
-9585 80 7877 9336 -7663 -2914 -6979 -2229 2212 2942 -3711 4078 4795 4717 -14 7827 7903 -3200 5607 544 -317 5282 6803 -6392 2756 8637 -5550 8759 -7625 -8059 -6350 -6137 -6896 3242 -4130 -6888 7203 -5584 -4445 3615 7585 9095 6492 -7463 9572 -4028 9364 6279 318 1030 -1313 -2047 6062
4292 -3965 -1363 -2029 -9242 -6078 -441 -12 7003 -7287 -4203 -7534 4320 -1073 3336 -2390 -5560 7884 -3106 -4919 -9994 1497 5139 -8194 7678 5064 -5125 -1496 2487 -8172 1375 -9786 -6209 -1901 -501 2464 8632 1453 5961 910 -7673 -4944 -9679 -6336 -4408 -8272 3849 -15 -6573 5007 -6697 -4919 4331
7432 1632 6937 -928 -6352 -9527 768 -1788 -967 -6759 1724 6174 -1994 -7208 9008 7917 8090 -908 1228 492 -607 2926 9550 -5975 -3201 2433 -4744 -8057 6357 7477 2718 2854 -7288 -8292 5180 -6213 -692 -1450 1909 3736 5221 3811 -1128 -5850 -9723 9892 3638 -9337 -5283 2085 -8781 -276 7574
-1396 4409 9259 5334 9938 2050 -5103 6471 3870 -9464 -6100 -9438 -2252 2076 6597 5953 -6216 -4435 -2758 -6426 9352 -8769 -4625 -5575 -3428 -5211 3550 -8124 -521 9785 -2567 -6252 -3438 -7054 3996 -1437 -2304 -3740 -631 -1772 1768 -7423 -638 -2864 4434 4259 7196 -6289 8253 4788 -391 3202 5093
-5084 1115 -4311 -562 -8235 1521 1490 -8598 -6797 9712 -9434 -8405 -2954 -2696 -8687 -54 985 -6535 2914 -6509 -635 3595 -6247 -9248 -7463 -1699 -1148 2391 7233 -6611 1384 3521 -465 -6665 -7549 5728 -1216 2856 -6346 5284 -2713 -8600 -2575 -1599 -4229 -6040 -8635 -6784 -4552 -8451 9426 5307 -1957
3574 3952 9636 -2004 -2669 -8006 3044 1320 -4650 -3945 5042 827 -3887 -9231 1425 -4210 -4764 -1057 -1634 5932 4912 -9579 -8681 7175 -1680 -6394 -4757 -1235 -5034 -5456 -5493 4887 -3118 -852 -4876 4525 2309 6071 9142 5930 4806 2426 9589 -7215 3144 -8093 -4608 -1308 701 -975 -121 -2857 -993
7948 -2919 8949 -3090 -464 -2055 -7958 8101 -2843 -5534 -572 7759 -9441 -2932 4398 6214 -9589 -663 -885 -9257 -5596 1974 -7389 -9829 -5619 9135 1595 -7843 -348 5344 -5085 8938 7223 5366 7643 3335 -9031 7103 9145 -871 8223 656 8846 4675 -3780 2511 8142 1593 1128 9343 2031 3975 -7511
-2540 4371 -6562 2099 -3384 -1751 -5682 -5025 -9887 -569 -7280 -2819 -1596 -2739 7751 7640 5493 9735 -7737 -517 1635 2954 -1544 -353 -9816 -1415 5972 -6699 -6694 8578 -3648 -324 -7399 6915 6529 -5594 -831 7745 6980 474 2989 -8220 1601 -385 9315 -701 7628 6316 5094 -8225 -3968 9604 -9226
2111 -4104 2138 -4418 6242 6886 966 8782 -5083 6491 -3161 9769 -521 -356 9288 -1978 -5316 3339 -9870 -6055 -6287 -4007 2475 7174 3451 -2164 -9019 4944 -7952 -2436 850 5871 1459 -2720 -3160 -468 7778 2850 8678 -2943 -2153 6083 -5720 1524 4596 4610 2671 -4872 3454 -5316 8397 -5315 1440
1819 -535 4867 2268 -468 -4383 -8111 -2591 3754 -4509 3116 3113 3833 8162 -8525 -8224 -5429 7427 6453 -4180 -7161 -7300 6610 3872 -1556 -2072 7588 -8529 6790 -7722 -3454 4683 -3993 6886 -8994 5374 5588 2948 -3509 5896 -5512 -7706 -1476 5733 6982 -5028 5995 -3413 6185 -4113 4955 -7102 8391
-1403 -9466 4269 -8883 1884 9692 -6112 9570 1248 -1242 -804 3682 1736 -7000 1125 4502 7719 -9173 -1026 2615 -3665 -5448 -9906 9507 -5198 3323 3659 -1581 9239 1105 5382 -6398 -1049 -988 -468 -1789 9512 -8476 3516 9546 -9201 7414 -6271 -8331 -3174 3194 4472 3571 -8167 -6227 3113 4932 4732
-9597 3867 7353 -8593 -3092 781 1464 5609 2549 884 -898 8233 -6814 -869 -8263 -9488 2502 -1373 7431 7583 -2729 -3287 9857 4126 5693 6178 -6057 -1685 -2349 -7424 2210 -1324 -8916 1593 2909 7153 6219 7100 -3591 5861 -7103 7908 -3554 -1915 2144 945 4501 -536 6826 -3247 2929 -484 8966
8689 -1905 3349 2203 -9329 29 -8951 -1224 -8389 -1569 8692 7769 -1323 437 -670 8462 672 6401 -5093 -8255 6310 9689 -4238 -8287 4621 -3063 6482 4353 1057 -7059 -3620 597 -557 -8215 -136 -4747 -6153 -3689 -1155 -2710 9378 9951 -8555 -862 6952 859 -9431 -9633 5180 3910 -1149 -8732 -6003
1974 1137 4352 -1346 4055 3233 4555 -514 2922 -2963 -6703 -4455 -5743 6055 6517 -6839 -6224 1103 420 1442 -2171 3521 -4472 -8444 -4622 4159 -8594 1780 861 7376 -3 9582 -5747 -2759 -6153 5932 2994 -5467 7884 9523 2111 -3826 -4459 -2597 -4515 -9967 -8079 9277 -7662 -4241 479 4832 830
7958 -5276 5892 -9985 1571 5741 782 -7941 4497 -5421 -7430 5015 -2304 -4191 -1552 1487 7241 4609 -9295 -257 -4475 2178 -69 6715 3634 -4845 9504 -7511 -7634 -4881 -6841 9305 1827 -3027 -1972 -1021 158 4569 -1830 6154 4683 4287 -7374 -9141 -1257 1765 5283 133 6303 1597 -7702 -2100 7151
1804 7227 -4166 -9232 -3612 1993 4543 1313 5955 -4397 2957 -1578 4920 6817 8249 -2248 -5949 5110 -1444 1897 -5219 7895 -6118 2341 2885 1114 -8857 -379 1636 -1610 -905 -2201 -1051 -3627 -4736 -1138 -6343 3651 -2936 -3979 2979 6154 6012 5209 -8595 -7292 -801 3823 -101 -3239 -8433 7309 4164
1114 1975 1401 1678 -1462 2284 2970 -7790 4510 3089 -1882 -6718 -3466 643 -1709 -7467 5138 -3134 -9672 -6220 4577 4883 -6603 6404 4977 9005 -9014 -3 -9746 -5507 3810 4888 1558 8133 -9973 867 9344 -9419 -7615 -7416 -9880 -7640 819 4230 3880 -8149 4344 9484 -4125 -2523 7892 200 5184
-625 6810 -2746 -9507 319 -5103 -9732 7744 5398 -9256 -1068 7219 -7428 -3389 473 -5188 6896 178 -7637 -6640 -8507 6984 -7613 -2881 9170 -8302 3122 8648 -586 7384 -5984 -7279 9591 -3686 -5614 8624 -2358 775 -9952 4897 -7313 9473 -2371 6369 9487 1361 -6844 5937 -3183 -1803 5649 2022 -7000
9651 5550 -1080 9962 1829 -4561 -3824 6415 -7853 7902 8104 5933 1057 9049 8717 414 4702 -5478 6209 8263 -893 -4199 874 -1563 -4105 7178 8764 -6489 5154 -1253 -7870 -6630 3548 9633 -5713 -2033 -9621 5777 -9993 -341 264 4568 -8189 -7313 -1980 7463 8701 9430 -7969 -7003 -9398 6551 -9248
-9583 4147 -8647 -4120 -3618 -7193 -7295 2974 4544 -5136 -2526 9461 4296 8319 -5068 -6511 -1511 -5330 3993 5039 -7723 7399 -2415 868 8877 316 -2932 7963 5238 -6162 -8239 -2676 685 -4143 -4778 -9565 5933 -7711 -6971 5982 -7552 8804 -5874 3436 3817 -7472 -4208 8201 -2412 -8757 9422 -2482 2197
1841 -1544 -2798 2486 -7623 -6652 623 4337 7280 7053 9561 -3100 -3105 -531 2464 -857 -9548 180 7665 6107 -2022 7870 -2363 -1220 -7152 -1994 -5044 -7759 5589 4871 3194 2583 8213 -6755 9209 -8213 -5600 8565 -3587 -6704 1231 -8787 745 -5993 -254 -2453 -3940 -8573 2208 -2952 -6323 9932 -2876
-5537 3401 -2111 -7203 1579 -4067 -402 -6427 -2969 2644 -9136 9616 -335 -2461 5895 -2013 1277 -7405 5580 -4554 -630 2303 3940 -5836 3643 6624 240 -9411 -942 -3450 -3573 2591 1153 5034 6282 6617 -9249 9914 5767 5561 -4438 -4812 3852 9157 -7536 7998 3772 -7788 5548 9127 567 -812 -4607
6011 1517 9122 627 -8294 -541 -3127 -7221 -1380 -955 1753 91 -2625 2777 -1905 7945 175 -6976 -5414 -5748 2709 6193 -2491 -3077 6183 8185 -539 -9283 -6236 7026 5632 -1298 2165 4433 -4125 9499 9632 -378 -6033 3234 8467 -3468 -9847 6765 7323 8243 2255 1596 -6848 -4422 5815 2692 -7925
9990 8984 7347 4335 5490 -600 -7861 -1216 -9530 6258 -8699 -8897 5321 -8162 -4127 -6935 9299 -2069 7178 -6767 -251 -9376 -7928 -3872 2266 5019 -1413 -3299 -5128 -4609 864 -6361 773 7241 -6207 1772 -2339 221 9086 4693 -2825 -720 9493 8352 -731 -3218 4293 -1199 3478 3155 1728 9110 6520
2240 1796 -6693 9589 1973 212 7705 1360 4091 -1044 8129 -6086 479 -8254 736 6796 3927 -8851 1503 9216 5111 1893 5444 6302 -6489 -8900 -4087 -6182 2722 -6195 -1432 1008 906 -1908 2240 -8423 7568 9026 5868 6092 5420 4147 9374 -9215 5313 -3264 -4854 5168 -7508 6122 -4462 -3987 -4349
-8142 -994 -5695 -1394 4171 9714 9824 7400 -2561 765 -3114 8459 382 -164 -800 -7628 2124 244 6991 -1489 -8336 -5463 3628 -5786 7619 2654 -5043 -7614 2925 -2059 -7529 3830 8008 -8837 8753 1812 1245 5921 2566 -9637 8175 3281 7246 -405 694 210 -2728 -8589 -9652 -7396 -2414 -4655 -1066
