57 52
8251 1102 -9587 1189 -9877 9522 -1541 5321 -7357 -5781 -9269 2005 3624 5597 -4683 -9178 -2111 -3487 -2708 4995 -1902 -3141 2639 8321 1238 -8032 5821 4381 1679 8840 -9902 6445 -3300 -8462 6257 -2926 -6399 -3648 8450 8126 4230 7066 -51 -2618 343 -7599 8749 7071 3577 -9520 1535 4126
-7319 1087 3324 8254 3986 4878 5172 4901 4036 1901 7060 889 -98 116 7134 6823 -5774 -1657 5046 9705 -5177 -3614 -4628 9141 -4556 -4578 5447 -5276 -5286 2685 1114 -9190 -9619 -8942 -2567 9181 6482 8120 -7128 -976 9598 9725 7421 -1803 -3347 3011 -9042 -3946 -3229 -8727 -4068 9886
-9138 271 -6243 101 4750 -9645 9166 -8915 376 -3066 4469 -1877 5728 -5032 4195 -4475 1414 -2886 4098 -5856 2222 6453 4909 -6750 2016 1900 4317 -5051 8240 7870 7182 -1694 6556 343 7240 -825 -5239 9509 2264 -8145 -6166 9364 -1161 -5213 -3969 -8252 9367 -729 3759 -9308 7681 1128
4618 -7018 9555 -6737 1468 8797 1865 4596 6154 2180 -4175 -645 5787 8931 -2773 8378 6403 865 -8792 -2886 7723 -8553 -6218 6697 6466 -6102 -4709 -7764 -8051 -7419 -2049 8209 3814 -9988 6354 2498 -6866 4814 -2911 -7347 6591 -5848 -1311 2581 9131 -6599 4307 -4066 1511 -1088 7010 5009
4890 -9794 -9186 2007 -906 -5038 5424 4472 7736 -9543 -3599 -9009 8761 2645 9106 1373 -5705 -6875 7890 -9598 -9141 -7404 -2502 8152 -2554 4350 -6708 8468 7911 -7 7203 1645 5881 -1568 1115 4312 -7201 -5257 -8436 1880 8835 -6088 -1284 8737 5378 2059 -5038 2772 4989 -3625 -4175 7644
-2048 680 7284 -1582 -1648 -9797 5143 -2523 -2897 8312 -281 -5114 7453 3803 -7544 9563 -1275 -456 3504 -852 6249 -3285 5067 5411 7489 7357 3107 -5291 212 6244 5898 8330 4755 -3173 2956 -4711 -3379 8679 -2730 3814 -4518 213 -7013 3315 -2928 -2543 -986 -887 -9718 3958 -5702 9646
5421 -2060 -8277 -5928 9353 2112 -8485 -6086 9842 4560 6220 6390 6510 2006 4063 -3159 -3815 5553 -8913 8009 -8246 -539 1341 -8493 5927 3721 -7256 -9132 -1094 8775 9039 -8367 1339 1954 4867 -6217 -1908 -3485 1329 1155 2399 3347 -3314 -7348 6883 5756 2839 4631 -663 -1705 -599 3860
7039 -2739 -2736 3727 1408 2587 6859 -5114 7376 -2262 -1155 5874 -7782 2071 -4895 -2086 -156 -32 -8214 -3336 6335 -7664 8369 -2306 -3422 2908 4639 2457 -9659 8052 -4497 -6610 8019 1867 -2084 6391 -9119 -2313 1617 -3370 3828 414 3712 3077 3813 -5356 4365 1851 6404 -6399 2285 8079
3000 6218 -7341 535 4426 -6914 -2280 -4607 -8242 -1654 389 -771 -6033 5976 7706 5197 1671 1761 3200 -4995 4827 -6720 9367 531 -5993 5929 -1879 -4208 -7267 1557 -1903 6883 -4845 4598 3683 -9148 -4154 -5933 -8716 -9860 5714 -6661 6395 3593 876 -2669 -2651 4674 -1103 8277 -3097 -5484
1879 9581 -8873 1499 -9818 -7378 -3295 -2265 8821 -2469 2298 7953 -7694 -2627 4435 2743 7422 4611 -3825 -6331 6336 4390 -2890 -3137 -5248 5326 9308 -9949 -5889 9660 6390 1081 6896 -8096 1385 -5743 4626 2884 1729 -1224 5057 -9220 4209 -2761 -1644 -4324 2540 3661 -6127 9840 -7213 -8485
3228 58 -1218 -1252 -2068 -679 -4988 7859 -8440 6366 7764 -6617 7292 -5513 -6854 2935 -8595 8790 9963 -6414 -1391 3695 8949 828 -714 -4890 1194 6031 201 8248 -1409 -9953 5376 -2582 -406 -863 -5742 -6807 -1415 5197 1175 -8653 3713 -5235 3176 1902 3352 5957 4271 -1780 -3549 1340
-190 -8983 -488 -3702 9176 -983 -5558 9348 6836 -1105 1816 6870 4305 7019 871 -3491 -8278 -40 -6007 4905 6010 -1210 7402 3975 6016 7092 -9257 2023 -2121 4479 -9704 4801 5920 1035 -3997 6267 -1264 1551 -7307 389 -8825 -8125 2952 3825 8317 6336 1849 -1658 5833 926 9400 6487
-4622 -6559 8202 3032 9283 1236 -3159 1953 -2993 6557 3204 -3034 8922 -6656 7511 3196 -1226 -1966 7806 -7444 -4321 -2566 -4983 5987 -3879 2146 5053 4602 3946 7450 2802 7768 7396 -8417 -663 -4556 -7582 -7481 -7227 3012 -7791 8288 7281 -7897 4906 6071 -3097 7957 8308 -6897 6365 7113
3901 -2475 -9725 8581 9859 9050 3536 1524 2019 1145 -1143 -7033 -7436 -7021 -3825 -5900 7808 860 1935 -114 -8589 -6961 484 -4234 -5433 5656 -9099 -4801 5442 -762 2302 4398 7490 -3511 3048 6395 -8223 2413 -710 -6269 -4827 -8547 2198 224 2919 8262 -7841 7664 -7814 6832 -210 -7747
8429 -6031 -4894 4809 9126 5571 -2545 -1713 -7249 3043 -4962 9340 -7830 2645 4550 7469 -7908 -7468 1869 -174 7450 3027 -2427 -4051 8821 -9566 -8250 -4888 -3967 -8219 1677 142 6787 4007 -8332 -9284 5515 -89 8200 7311 -6222 1163 -8397 3985 -7557 -5706 -9937 312 5517 -1140 -3263 -989
5483 6421 3114 2293 -2833 185 -9422 -3633 -5623 -3458 5758 8643 1877 1769 5933 -362 -9869 5009 -4248 -698 -6901 -7582 3957 -867 -1757 4800 -9535 7001 3751 -6080 6639 2446 -6017 8867 -4341 -2729 -9400 8630 -3396 6192 8117 8170 7667 5800 101 -2846 -4030 -6683 -6040 6405 -2259 -7697
9794 -3373 -6881 -6603 -3006 -1348 4441 -9835 -4993 -8074 -7877 -6351 824 9589 -6633 2037 -7469 8289 5653 -8000 6807 2791 1104 6780 -429 1496 -626 -7405 -142 6279 4495 7655 -9499 628 -9600 -3802 817 -1665 5368 5712 1955 5008 7737 -574 8796 8945 2958 7071 6873 8792 1181 8271
2819 8836 -977 5392 9581 1951 -4454 8172 8210 -5761 -6164 -4301 2591 -6498 8546 -4468 -6498 -7553 -5142 -5778 -7572 8410 -7860 -2208 -462 768 -7358 -4040 -8812 -1750 -7831 4090 -3865 -8043 -9905 7998 6062 9088 7396 -5049 8376 -39 4227 -1256 5836 -3031 2995 -6493 7646 -8073 -4010 -427
3375 -5706 -5081 -1057 931 -9613 -9493 7440 -728 -6754 3598 -4112 -7223 4284 1542 -3829 1769 -2730 7743 -5372 -9424 -3115 -7667 -1936 -1981 -8806 1438 8400 -9771 -5946 4742 7376 -6163 6881 -5813 -1065 7300 2475 -2938 4827 -5723 -4507 -2208 3441 8322 4481 7930 750 -5285 -9556 -2680 -3959
-5897 7439 7142 -2737 -5250 -2731 -1789 382 9745 -6627 -8392 -1189 -4033 -7433 6421 3237 -7468 2645 -6005 3916 6292 -1617 7468 7370 -5865 -9895 4811 -8842 -4937 -3014 -6904 9789 4252 9140 601 -1889 6637 -2954 8822 -9342 -6602 1382 -9986 -4449 9409 2166 -1521 4993 -7929 -1668 1757 -7191
2193 9816 -6822 -1562 -5592 2895 -4656 7430 1424 4356 -6430 -2235 3697 -3413 -814 -3457 4150 4769 -6526 -3318 1156 6386 -8933 497 8843 -2443 -4924 -8792 -1647 2318 1331 -8095 -377 7138 -2358 -4676 -930 5227 -1774 -9693 3001 9503 -9796 9390 7743 5247 7400 -3982 8876 -4477 5739 5051
-6274 678 4930 -4633 8761 -1162 -9502 -6036 1734 -9544 -5362 -9979 -4251 3254 8308 -4884 -5500 7791 -489 -1024 -9387 -2538 -3261 5669 2882 -6955 -5687 5421 -6837 1119 4538 -7125 5999 -3689 8743 -8724 -2026 4740 -1410 26 -4239 -18 6671 6766 6850 -4878 -1364 5426 -5096 1117 -5252 -7582
9681 1072 4005 -7602 -7450 5887 -7670 -4031 5042 -1100 -9551 -5578 4460 1997 -9932 5008 1083 -4306 5821 -2740 -327 1042 -7514 8824 53 2851 -5594 3262 -7768 4798 -7093 -678 -1509 680 -3743 -3596 -9873 3283 -1316 -7606 1070 -9789 -2918 3769 -6804 8079 -8541 2696 -8955 -1543 -2503 -7419
-7403 8021 -7334 4605 4725 6765 -7383 -7724 5662 -6318 -8565 -5109 2697 4099 -1880 -5502 6160 8918 208 -7212 -659 6623 7895 -4713 9773 -3529 8706 -2408 5585 4610 6730 -4453 -2193 8207 -1596 -5635 3676 8106 2950 1725 5087 -430 -7052 -1540 8747 4485 8145 -6960 9884 -9271 -4473 -5606
-435 -4235 5100 1981 -4979 -882 9430 4128 -3178 -3053 -5733 5112 -428 2581 -7000 -989 -6927 -5566 4749 -1015 276 1135 5618 -6917 9145 282 -7548 1778 8385 9939 444 7641 -630 -3159 -4310 1688 -3771 -3628 1950 -1223 -3638 8968 -1233 -6550 2284 -7192 -1074 -5994 -3244 696 -3954 -9261
-4858 3875 5619 8908 2806 6756 5197 -2024 -7290 4877 -4480 5707 403 9386 2071 -2269 -4908 -1015 643 -1415 5413 -4567 2949 -155 982 -2540 -5118 -2306 9782 -2698 -5539 7453 4351 -6948 -9239 -5495 3828 2058 5568 8410 1498 9924 1668 -5318 -61 -54 8119 -9247 -601 9205 -4503 3903
1753 7793 -549 3620 1713 -1832 -2825 1650 -151 -9474 -971 174 -4449 9116 -4529 4796 -3854 -659 7364 -2418 8421 -1315 -9477 7599 6071 -9782 -649 5781 8560 -9222 -6604 -8298 -2780 -7623 9878 -7745 9512 4262 -4693 4229 -758 2658 272 -2319 -6263 -9176 2410 9848 3253 -7979 7214 7573
6483 7984 5379 -812 -8335 7336 8789 2916 -9321 7417 -9014 2948 680 -6641 9576 882 -6831 2034 -921 8617 -1287 3239 -625 7668 294 4316 -5254 -2498 -3230 -551 -1294 -3520 -5023 -624 -6883 -8215 4539 520 -3733 7568 -2803 -8173 -3267 2678 -144 -7256 -2423 9484 -6813 2783 -3181 -6982
3893 7026 1173 4046 -8653 9308 3740 9246 -1096 1237 9381 -988 -2270 -4738 -9454 3944 -4572 -9519 1096 -1280 -7473 3827 7755 824 9762 -5982 -9971 9953 -8107 2929 5244 7657 -680 -9307 -9914 -7233 3829 242 -1848 4618 -6812 -6436 9516 1335 5663 -4948 -6360 3745 7100 7910 2954 4849
2010 4894 -3165 5626 3714 3796 -9168 -9986 -5206 2369 950 -1833 926 -8783 -3407 -5850 -8888 7164 -2989 -5143 869 9717 4688 -1693 -2115 -2649 5788 7070 5852 5818 5601 -6826 -3491 -8008 8249 -3741 -2489 4715 -7471 -2147 -2957 9742 7644 -553 2829 9007 -4195 -2807 7340 7162 7093 7490
3736 2708 2739 -6554 -1199 2521 -4141 -7671 1441 -1117 -5412 -8200 8292 6226 1040 -5775 -491 4938 191 9933 -8078 -2699 -3485 -8434 2494 3339 -8133 9543 -8991 357 -9286 2522 236 9639 -9680 -6964 -8122 -1236 6223 -8127 -779 888 -4520 5714 -9938 4393 -472 5611 -1006 -6855 2632 -1680
-6946 446 -6544 -8236 4393 -5512 -6991 -8124 -2546 -2103 -8000 -9426 -9041 7187 -2 8699 9474 2139 9384 -8737 3390 4238 9228 4484 -9171 -6018 -4385 5597 1493 8257 3540 1943 8994 -1441 4598 -5538 -583 -893 -4691 -6158 -9314 -3702 2805 -4622 -6552 -9755 -9423 -910 -8685 -5461 4133 -54
9042 -4991 -811 -6312 -758 5376 -5080 -1683 8131 -4992 4824 -9469 8894 6781 4250 8905 -9975 9529 -5250 -7264 1685 -7907 9669 -1057 -9885 5465 -3558 3503 1240 5174 6386 5252 8902 -3515 5492 7537 7962 -2127 -5017 1853 3262 -5647 758 -1501 4720 3621 2169 -2201 -8401 -7811 -3790 -2639
-9911 -2006 596 749 -8470 -9992 813 9603 3693 3526 4128 235 4470 8850 -7711 -6595 -3276 -8933 -649 6657 333 1697 -7624 -8173 -4279 -6958 -858 -3134 663 8210 5178 7474 -4366 5778 4874 -2818 8584 1021 2360 -797 -7677 2859 -432 -5513 -3017 -6999 6809 1391 -836 3406 -594 9175
-152 -8173 -7383 1909 -5340 5863 7221 -170 -7782 4425 -5626 -1850 8833 -1795 -3416 6411 -9569 -5547 2384 -1827 -8072 604 -7731 -9383 -2333 -8819 42 691 -1824 4875 7448 -4157 -6183 4645 8831 -2178 5124 5445 5137 -8290 9674 9345 -9867 -3588 -5218 -9958 -1930 -1087 3452 1313 -3199 -4501
-9071 7636 -314 -2592 -2653 7003 -9030 3550 -499 3880 -94 -216 -1321 5876 4993 9059 3937 251 4470 7275 -3873 -7689 -4193 -933 -7908 -3293 8360 8073 6830 -62 -1159 4530 -2862 -7733 -8759 2819 -4408 -3687 -1717 7035 -9245 -442 -5574 -1622 1272 -7380 8577 -2046 -7565 -3393 9147 2876
-4019 -7066 -4037 4051 1128 -6955 -3723 4091 -702 1801 -9916 -5259 1672 8724 -3630 3107 1083 3904 4920 4903 -8763 -422 -455 9908 7088 -1392 -2460 1540 -6540 5983 -4392 719 472 -7930 -7219 -8568 8030 4046 -553 -8674 -5800 -338 -1036 4099 -6062 -9293 -3096 9447 -5567 3609 400 48
-8212 6973 7353 7110 5136 3044 8325 8428 7401 3949 9034 1559 1785 -9321 -3243 -6711 -2201 7619 5568 -8224 -2967 1388 2178 6106 8678 2722 -7328 6921 5935 -440 -3444 9588 -233 -212 -2493 4079 -3880 1258 8279 4024 -4439 -7504 3500 7588 7074 -3682 -6448 1623 3325 4090 3309 7047
586 -6600 -1837 -42 -6123 -9929 -3836 -7731 -2069 3420 3595 1131 -9492 450 -3514 -5765 2550 -8416 -9495 -2322 8121 -4004 767 1752 9253 -2302 9456 7324 6944 -4933 5925 5261 7471 204 3845 -1186 -5745 -3341 -2855 6022 3921 5201 4298 -1668 -9901 313 -8885 -3075 3851 -7055 1904 1458
-1025 -6382 9662 -7668 -7924 -1741 3443 9481 5367 -1174 -407 -2947 4886 -7123 -3144 1145 -8357 -8315 5178 -4533 -9463 -766 -5327 -9726 1415 -6040 -4293 4500 754 -7867 -3351 2387 2749 -8234 4265 -9004 -2821 -5238 5238 3463 -8366 1933 8467 -2353 -3286 1095 4116 8612 2908 4446 1329 8222
-7502 873 3264 -2213 -1639 -7547 5568 2968 592 -1497 248 -6974 -1428 -7577 -1283 8389 7009 2357 -5754 -8556 -9935 1360 -4826 6144 6912 -9052 9281 8563 -5047 7468 7672 -8899 -1195 -4546 6330 -5018 -3748 2525 7060 6293 -2136 2811 2851 1146 2598 -7390 3619 -4661 -7199 523 -7687 7482
8043 8273 -567 985 -2341 181 -6659 -5596 -2751 5686 -3857 -3052 -3208 -3340 -3935 -8247 -4339 6253 -8438 6711 -6834 1021 3771 -8880 -7502 1310 1821 2167 -3411 8840 3880 -2791 5532 2638 6221 3762 228 -7389 -8553 8354 -2723 -7539 -6805 -7414 9975 -8404 2792 -891 -6631 7429 -1651 7335
9423 3449 4463 -2340 -6450 6043 -2825 -4216 9533 -1350 7970 5580 -5566 -4791 6644 8833 973 -5223 2633 575 -8667 8076 8087 -6792 -9650 -634 2047 1291 3554 -8945 -4345 -7767 -1211 9171 3651 7473 -7679 1051 -2657 6897 2176 6626 -1622 1275 5806 -669 6347 -2134 7552 -5937 -9494 -5029
-9835 4368 -3251 -4392 -2880 -4012 3305 -1997 -6950 -4255 9761 4497 -810 6690 -5506 -8001 -8895 8360 7428 -6147 -2070 1808 3930 -7666 4114 -7819 2628 -3210 -9205 4869 -8496 7182 3451 -1223 4571 6261 4670 -1167 6541 -1040 7147 -9960 5442 9374 -5729 -9461 -2462 -9272 5718 -5077 -171 7276
-4487 8244 4486 2883 1847 -704 172 -1767 -5980 3698 4183 1580 5545 6228 -8159 8410 -5910 -5538 4976 -3482 1667 -1706 -3963 412 -3657 4335 3801 -8539 7646 6814 3857 8475 -5139 2766 7903 -3195 4402 -3727 -4211 1863 -2853 2390 -6236 -4880 7049 -8307 -6059 -6367 -8867 -7589 2965 5242
-2550 487 5138 1023 2742 -2389 9749 3055 7954 6890 -6551 -1453 -6072 -2890 4366 -158 -3236 1154 -7648 3168 -1771 7172 -6157 -5327 6142 -9345 -6638 4124 -9796 -5573 -1231 -4925 8629 -2246 -5536 1267 2915 -3175 1632 457 5929 -2397 -5451 3961 5756 -6945 -6531 113 -7985 9309 9912 -5176
4590 3508 -9245 8984 -8657 6422 -5972 5201 -7850 3681 5020 -2811 -6649 -5176 -695 9014 7493 345 9347 -2914 -3608 -5775 9797 4998 7943 -2553 -8166 -6471 3416 -1984 -1338 1827 1463 3566 6155 -1494 -6048 -1844 -7544 2146 -6513 9940 6027 -355 -6786 -9600 -1195 -8402 4392 1439 1923 -987
-3212 513 -8391 7043 -9447 -5662 -4126 -9103 -752 5814 -5671 -7350 -6239 -6701 3124 -9096 8278 -1928 5241 418 5947 -2913 7989 3932 -9541 3165 6595 7307 8199 6056 -8045 -4657 -1696 7855 -9469 -1209 -7542 -7805 8312 4028 -103 -630 -3356 -3781 9706 7123 1958 5497 -5065 8185 -3706 -6241
346 3193 909 8908 -7876 -9132 5377 -991 -900 -247 -1868 3453 -7028 8272 5230 2836 4431 1718 -6020 4383 -7936 -5519 -7946 -619 -7015 7017 -4006 3787 -3786 7042 -3998 5030 -2744 9938 -5769 4211 -8525 806 269 -922 3236 8491 3018 -88 -3309 3132 3894 -2891 -8180 -674 3308 -2686
4346 -4674 2399 3812 -7793 7764 8886 -8548 7318 6391 8409 -2017 4312 282 -8738 -2324 6900 -1179 2210 9940 -3858 -3802 -9584 3997 8956 937 6723 6472 7065 3582 -4732 -9076 2455 -869 368 -5174 -5540 1092 -8954 -1841 8017 -568 -2714 6961 -4268 -5691 3602 -2686 -3272 -4908 215 9414
-2643 -9566 -9147 -1068 8855 6695 -108 -6402 790 -8518 2979 6468 3084 2311 9612 -7968 8186 -1794 8665 9282 4736 -1856 4692 7250 -9483 8935 9791 1561 4678 3759 9898 1263 1654 -8437 -2844 -3561 -9363 -6434 80 8228 9433 403 4389 457 -4627 -2518 -4350 -4170 -498 -2012 -7325 2697
7046 -2435 -7466 8719 262 7133 1238 3480 6452 -8364 -3343 9587 -8342 -2435 1606 -9771 5447 -1247 -2697 4220 -7135 -2074 -5718 -9918 891 1478 8369 -1766 9145 3070 -5163 4807 -9347 -3374 7921 -945 3064 -5189 -7422 -4725 -8722 -1586 798 -5170 5911 -1143 7591 1547 -3807 -1146 9080 6392
-8684 -4965 174 2856 -1469 9845 4921 7240 -7147 587 -589 -1911 -8499 -7499 -7929 4622 3607 -3527 8331 -2650 4684 6916 8617 -3117 707 7180 -4316 1684 3583 1185 -6754 8936 -2906 -6091 -4666 -1988 519 -9244 2703 -5559 -1618 -2607 9495 6427 6148 -3693 -5066 -4998 7915 -2150 -243 2676
5479 -1384 -5943 -5417 -893 2594 -5678 -4636 -1770 6524 965 -3002 4979 -3484 -867 7273 -7378 2508 9224 -3576 -1615 5685 2131 -2331 -1923 -7690 258 -9419 -7327 1216 2946 -197 -524 3828 -4882 -3806 -4913 5807 1566 -3708 231 7576 8136 9816 -2509 -8684 -1094 -7816 1333 8249 1723 -8867
9399 -4563 -5689 -3027 6786 -8125 7457 -9251 -1446 -7018 9398 -1044 -7475 -3923 2201 7640 5305 8193 6962 -107 4723 9912 5680 6582 -6940 9678 477 -8997 6270 4486 -121 -2691 234 -5461 8972 7334 8342 6939 7286 -2835 1460 8280 -895 -9403 3160 6173 -2987 -9867 1529 -4427 -5190 2890
-9843 -2116 4026 -2874 8952 6849 -2272 8555 1558 2385 -8845 -4907 -4011 -7256 -9151 -6099 1211 -4827 -5108 4960 -3022 -1623 1551 -9171 8018 -4877 -4459 -1986 1775 2432 5768 5985 -5390 -9270 1401 -6013 -6266 6953 -7695 -3280 -5181 9409 -85 -7381 -3892 -4887 9701 -9613 6433 2720 377 6127
5227 -9093 5996 -8728 4527 5103 -9116 2337 9295 1275 -5593 -9442 -4330 981 5844 2294 9860 -458 1911 -1139 1593 -5062 -3293 -6422 7483 6702 -498 9836 111 6156 9723 -3835 -4670 -4924 7262 -5228 3846 4189 7096 6339 5830 7356 -2448 -8721 -9436 6744 -9123 -5200 -415 7564 -9675 -8991
